user_id,gender
0,1
1,0
2,0
3,0
4,0
5,1
6,0
7,0
8,0
9,1
10,1
11,0
12,2
13,0
14,0
15,1
16,0
17,1
18,0
19,0
20,0
21,0
22,0
23,1
24,2
25,0
26,0
27,1
28,0
29,1
30,0
31,1
32,0
33,1
34,2
35,0
36,1
37,1
38,0
39,0
40,1
41,0
42,0
43,0
44,1
45,0
46,0
47,0
48,2
49,1
50,1
51,0
52,0
53,0
54,1
55,0
56,0
57,0
58,1
59,0
60,0
61,1
62,0
63,0
64,0
65,0
66,1
67,0
68,1
69,0
70,0
71,1
72,0
73,0
74,2
75,2
76,0
77,1
78,1
79,0
80,1
81,0
82,1
83,0
84,0
85,1
86,0
87,2
88,2
89,0
90,0
91,1
92,0
93,0
94,0
95,2
96,1
97,1
98,1
99,0
100,1
101,0
102,0
103,0
104,0
105,1
106,0
107,0
108,2
109,0
110,0
111,0
112,0
113,1
114,0
115,0
116,0
117,0
118,1
119,0
120,2
121,1
122,0
123,0
124,0
125,2
126,1
127,0
128,0
129,0
130,0
131,0
132,1
133,0
134,0
135,0
136,1
137,2
138,2
139,1
140,0
141,0
142,2
143,0
144,0
145,1
146,0
147,0
148,0
149,0
150,1
151,0
152,0
153,0
154,0
155,1
156,0
157,0
158,2
159,2
160,0
161,1
162,0
163,1
164,0
165,0
166,1
167,1
168,0
169,0
170,1
171,0
172,0
173,0
174,1
175,1
176,0
177,2
178,0
179,0
180,0
181,0
182,1
183,1
184,0
185,0
186,2
187,0
188,0
189,0
190,0
191,0
192,1
193,1
194,2
195,1
196,0
197,2
198,0
199,1
200,1
201,0
202,2
203,0
204,0
205,0
206,0
207,0
208,0
209,1
210,0
211,2
212,1
213,0
214,0
215,0
216,0
217,2
218,1
219,2
220,2
221,2
222,2
223,2
224,0
225,0
226,0
227,0
228,2
229,0
230,0
231,0
232,1
233,0
234,0
235,0
236,0
237,1
238,0
239,2
240,0
241,1
242,0
243,0
244,0
245,1
246,0
247,0
248,1
249,0
250,0
251,2
252,1
253,0
254,0
255,0
256,2
257,0
258,0
259,0
260,0
261,1
262,2
263,2
264,1
265,0
266,0
267,1
268,0
269,2
270,0
271,0
272,0
273,2
274,0
275,0
276,1
277,0
278,2
279,0
280,1
281,0
282,0
283,0
284,1
285,0
286,0
287,1
288,1
289,1
290,0
291,0
292,2
293,1
294,0
295,0
296,0
297,1
298,0
299,0
300,2
301,0
302,0
303,0
304,1
305,0
306,0
307,0
308,0
309,1
310,0
311,1
312,1
313,1
314,1
315,2
316,0
317,1
318,1
319,0
320,0
321,0
322,0
323,0
324,1
325,0
326,0
327,0
328,0
329,0
330,0
331,0
332,0
333,1
334,0
335,0
336,0
337,2
338,0
339,2
340,1
341,0
342,1
343,0
344,0
345,1
346,1
347,0
348,0
349,0
350,0
351,0
352,1
353,0
354,0
355,0
356,0
357,1
358,0
359,0
360,1
361,2
362,0
363,1
364,1
365,0
366,0
367,0
368,0
369,0
370,0
371,1
372,1
373,1
374,0
375,0
376,0
377,1
378,1
379,0
380,0
381,1
382,2
383,0
384,0
385,0
386,1
387,1
388,2
389,0
390,0
391,0
392,2
393,0
394,0
395,0
396,0
397,0
398,1
399,1
400,0
401,0
402,0
403,0
404,0
405,0
406,0
407,2
408,0
409,1
410,1
411,0
412,2
413,0
414,1
415,0
416,1
417,2
418,0
419,0
420,1
421,0
422,2
423,2
424,2
425,0
426,0
427,1
428,0
429,1
430,0
431,0
432,0
433,1
434,2
435,0
436,0
437,2
438,2
439,0
440,0
441,0
442,0
443,2
444,2
445,1
446,1
447,0
448,0
449,2
450,0
451,0
452,0
453,0
454,1
455,0
456,0
457,0
458,1
459,0
460,0
461,0
462,0
463,1
464,0
465,0
466,1
467,2
468,0
469,1
470,0
471,0
472,1
473,0
474,1
475,0
476,0
477,0
478,0
479,1
480,0
481,0
482,0
483,1
484,0
485,0
486,1
487,0
488,0
489,0
490,0
491,0
492,0
493,1
494,2
495,0
496,1
497,0
498,1
499,1
500,0
501,0
502,0
503,0
504,0
505,0
506,1
507,0
508,0
509,0
510,1
511,0
512,0
513,0
514,2
515,1
516,1
517,1
518,1
519,1
520,0
521,0
522,0
523,0
524,2
525,0
526,1
527,1
528,0
529,0
530,1
531,0
532,2
533,0
534,0
535,0
536,0
537,0
538,0
539,0
540,1
541,0
542,0
543,0
544,0
545,1
546,0
547,1
548,0
549,0
550,0
551,0
552,0
553,0
554,0
555,1
556,0
557,0
558,1
559,0
560,1
561,0
562,0
563,0
564,0
565,0
566,0
567,1
568,1
569,0
570,0
571,0
572,1
573,0
574,0
575,1
576,0
577,0
578,0
579,0
580,2
581,0
582,1
583,1
584,0
585,0
586,0
587,1
588,0
589,1
590,0
591,0
592,1
593,1
594,0
595,1
596,0
597,0
598,0
599,2
600,2
601,1
602,1
603,0
604,1
605,1
606,0
607,0
608,0
609,0
610,2
611,0
612,0
613,0
614,0
615,0
616,1
617,2
618,1
619,0
620,0
621,0
622,0
623,2
624,1
625,0
626,0
627,1
628,1
629,1
630,0
631,0
632,0
633,1
634,0
635,0
636,0
637,0
638,0
639,0
640,2
641,1
642,0
643,0
644,2
645,0
646,0
647,1
648,0
649,2
650,0
651,2
652,0
653,0
654,2
655,1
656,1
657,1
658,1
659,0
660,0
661,2
662,1
663,0
664,0
665,1
666,2
667,1
668,0
669,0
670,0
671,0
672,0
673,0
674,2
675,0
676,0
677,0
678,0
679,0
680,0
681,0
682,0
683,0
684,0
685,0
686,1
687,0
688,1
689,0
690,0
691,1
692,0
693,2
694,1
695,0
696,1
697,0
698,2
699,0
700,1
701,0
702,1
703,2
704,0
705,0
706,0
707,0
708,0
709,2
710,0
711,0
712,0
713,0
714,0
715,2
716,0
717,0
718,0
719,0
720,1
721,0
722,0
723,0
724,0
725,1
726,0
727,0
728,0
729,0
730,0
731,0
732,0
733,0
734,0
735,0
736,2
737,0
738,0
739,0
740,0
741,0
742,1
743,0
744,0
745,1
746,2
747,0
748,0
749,1
750,1
751,2
752,0
753,0
754,1
755,0
756,2
757,0
758,1
759,0
760,0
761,0
762,0
763,0
764,2
765,1
766,0
767,0
768,0
769,2
770,1
771,0
772,0
773,0
774,0
775,1
776,0
777,2
778,0
779,0
780,0
781,0
782,0
783,0
784,2
785,0
786,0
787,0
788,0
789,0
790,0
791,0
792,1
793,0
794,1
795,0
796,1
797,1
798,2
799,1
800,1
801,0
802,0
803,0
804,0
805,0
806,0
807,2
808,0
809,0
810,0
811,0
812,2
813,1
814,0
815,0
816,0
817,0
818,2
819,0
820,2
821,1
822,0
823,2
824,0
825,1
826,0
827,0
828,0
829,0
830,1
831,0
832,0
833,1
834,0
835,0
836,0
837,0
838,0
839,1
840,1
841,1
842,0
843,0
844,1
845,0
846,1
847,0
848,0
849,0
850,0
851,0
852,0
853,1
854,1
855,1
856,0
857,2
858,0
859,0
860,0
861,0
862,2
863,1
864,0
865,0
866,0
867,0
868,0
869,2
870,0
871,0
872,0
873,0
874,0
875,0
876,0
877,0
878,0
879,0
880,0
881,2
882,1
883,0
884,0
885,2
886,2
887,1
888,0
889,0
890,0
891,0
892,1
893,0
894,0
895,0
896,0
897,0
898,1
899,1
900,1
901,0
902,0
903,0
904,1
905,0
906,2
907,1
908,0
909,1
910,0
911,1
912,0
913,1
914,0
915,1
916,0
917,1
918,1
919,0
920,0
921,0
922,0
923,0
924,1
925,0
926,1
927,1
928,2
929,0
930,1
931,2
932,0
933,1
934,0
935,0
936,0
937,2
938,1
939,0
940,0
941,1
942,1
943,0
944,0
945,0
946,0
947,0
948,0
949,0
950,0
951,0
952,0
953,1
954,1
955,0
956,0
957,0
958,0
959,0
960,2
961,1
962,0
963,0
964,0
965,0
966,1
967,0
968,1
969,0
970,0
971,0
972,1
973,0
974,0
975,0
976,0
977,0
978,0
979,0
980,0
981,2
982,1
983,0
984,0
985,1
986,1
987,0
988,0
989,0
990,1
991,1
992,0
993,0
994,1
995,0
996,0
997,0
998,2
999,1
1000,0
1001,0
1002,0
1003,0
1004,0
1005,0
1006,0
1007,0
1008,0
1009,0
1010,0
1011,1
1012,0
1013,1
1014,0
1015,0
1016,0
1017,0
1018,0
1019,0
1020,0
1021,0
1022,0
1023,1
1024,0
1025,1
1026,0
1027,1
1028,0
1029,0
1030,2
1031,0
1032,0
1033,1
1034,0
1035,0
1036,0
1037,1
1038,1
1039,0
1040,0
1041,0
1042,1
1043,2
1044,1
1045,0
1046,0
1047,0
1048,0
1049,0
1050,2
1051,1
1052,0
1053,0
1054,0
1055,0
1056,0
1057,0
1058,1
1059,0
1060,0
1061,0
1062,0
1063,0
1064,1
1065,0
1066,0
1067,1
1068,0
1069,1
1070,0
1071,1
1072,1
1073,0
1074,1
1075,1
1076,0
1077,1
1078,0
1079,0
1080,0
1081,0
1082,0
1083,2
1084,0
1085,0
1086,0
1087,2
1088,0
1089,0
1090,0
1091,1
1092,2
1093,1
1094,2
1095,0
1096,0
1097,0
1098,0
1099,0
1100,0
1101,0
1102,1
1103,2
1104,0
1105,2
1106,1
1107,0
1108,2
1109,1
1110,1
1111,0
1112,0
1113,1
1114,1
1115,0
1116,0
1117,0
1118,0
1119,0
1120,0
1121,0
1122,1
1123,0
1124,1
1125,0
1126,0
1127,0
1128,0
1129,0
1130,0
1131,0
1132,0
1133,0
1134,0
1135,1
1136,0
1137,0
1138,0
1139,1
1140,1
1141,0
1142,0
1143,2
1144,0
1145,1
1146,0
1147,0
1148,0
1149,1
1150,0
1151,0
1152,0
1153,2
1154,0
1155,1
1156,0
1157,1
1158,0
1159,0
1160,0
1161,1
1162,0
1163,1
1164,0
1165,0
1166,1
1167,1
1168,0
1169,0
1170,0
1171,1
1172,2
1173,1
1174,1
1175,0
1176,1
1177,0
1178,0
1179,1
1180,0
1181,0
1182,0
1183,1
1184,1
1185,0
1186,1
1187,0
1188,1
1189,1
1190,1
1191,0
1192,0
1193,1
1194,1
1195,1
1196,0
1197,0
1198,1
1199,0
1200,0
1201,0
1202,1
1203,0
1204,1
1205,1
1206,0
1207,0
1208,2
1209,0
1210,0
1211,0
1212,0
1213,0
1214,0
1215,0
1216,0
1217,0
1218,0
1219,0
1220,0
1221,0
1222,0
1223,0
1224,0
1225,0
1226,0
1227,0
1228,1
1229,0
1230,0
1231,1
1232,1
1233,0
1234,1
1235,1
1236,0
1237,1
1238,1
1239,1
1240,0
1241,1
1242,0
1243,0
1244,0
1245,0
1246,0
1247,1
1248,0
1249,0
1250,0
1251,0
1252,1
1253,2
1254,0
1255,0
1256,1
1257,0
1258,0
1259,0
1260,0
1261,0
1262,0
1263,0
1264,1
1265,0
1266,0
1267,0
1268,1
1269,0
1270,1
1271,0
1272,0
1273,0
1274,0
1275,0
1276,1
1277,0
1278,0
1279,0
1280,0
1281,0
1282,1
1283,0
1284,0
1285,0
1286,1
1287,1
1288,0
1289,0
1290,1
1291,0
1292,0
1293,1
1294,1
1295,0
1296,0
1297,0
1298,0
1299,0
1300,1
1301,0
1302,0
1303,0
1304,0
1305,0
1306,0
1307,0
1308,0
1309,0
1310,0
1311,0
1312,0
1313,1
1314,0
1315,0
1316,0
1317,0
1318,1
1319,0
1320,1
1321,0
1322,2
1323,0
1324,0
1325,1
1326,0
1327,0
1328,0
1329,0
1330,0
1331,0
1332,0
1333,0
1334,0
1335,1
1336,0
1337,0
1338,0
1339,0
1340,0
1341,0
1342,0
1343,1
1344,1
1345,0
1346,1
1347,1
1348,0
1349,1
1350,1
1351,0
1352,0
1353,1
1354,1
1355,1
1356,0
1357,2
1358,0
1359,0
1360,1
1361,0
1362,0
1363,1
1364,1
1365,0
1366,0
1367,1
1368,0
1369,0
1370,1
1371,0
1372,1
1373,0
1374,1
1375,1
1376,0
1377,1
1378,1
1379,2
1380,0
1381,1
1382,1
1383,0
1384,1
1385,1
1386,1
1387,0
1388,0
1389,0
1390,0
1391,0
1392,0
1393,1
1394,0
1395,1
1396,0
1397,1
1398,0
1399,0
1400,1
1401,0
1402,1
1403,0
1404,0
1405,0
1406,1
1407,0
1408,0
1409,0
1410,0
1411,0
1412,0
1413,0
1414,0
1415,0
1416,0
1417,0
1418,1
1419,2
1420,1
1421,0
1422,0
1423,0
1424,0
1425,0
1426,0
1427,1
1428,1
1429,0
1430,0
1431,0
1432,1
1433,1
1434,0
1435,1
1436,0
1437,0
1438,0
1439,0
1440,0
1441,0
1442,0
1443,1
1444,0
1445,0
1446,0
1447,1
1448,0
1449,0
1450,2
1451,1
1452,0
1453,0
1454,1
1455,0
1456,0
1457,0
1458,0
1459,1
1460,2
1461,0
1462,0
1463,0
1464,0
1465,0
1466,1
1467,0
1468,0
1469,1
1470,0
1471,2
1472,0
1473,0
1474,1
1475,1
1476,1
1477,0
1478,1
1479,0
1480,0
1481,0
1482,0
1483,0
1484,1
1485,0
1486,0
1487,0
1488,1
1489,0
1490,0
1491,0
1492,1
1493,0
1494,0
1495,0
1496,0
1497,0
1498,0
1499,0
1500,0
1501,0
1502,0
1503,0
1504,0
1505,2
1506,0
1507,1
1508,0
1509,2
1510,0
1511,0
1512,1
1513,0
1514,0
1515,1
1516,0
1517,0
1518,0
1519,0
1520,1
1521,0
1522,0
1523,0
1524,1
1525,0
1526,0
1527,0
1528,0
1529,0
1530,0
1531,0
1532,0
1533,2
1534,1
1535,1
1536,0
1537,1
1538,0
1539,0
1540,0
1541,0
1542,0
1543,2
1544,0
1545,0
1546,0
1547,0
1548,0
1549,0
1550,0
1551,0
1552,1
1553,1
1554,1
1555,0
1556,1
1557,0
1558,0
1559,2
1560,1
1561,0
1562,1
1563,0
1564,1
1565,0
1566,0
1567,1
1568,1
1569,0
1570,0
1571,1
1572,0
1573,0
1574,1
1575,1
1576,0
1577,0
1578,0
1579,1
1580,1
1581,0
1582,0
1583,0
1584,0
1585,0
1586,1
1587,0
1588,0
1589,0
1590,0
1591,0
1592,0
1593,1
1594,1
1595,1
1596,0
1597,0
1598,0
1599,0
1600,0
1601,1
1602,1
1603,0
1604,1
1605,1
1606,0
1607,0
1608,1
1609,0
1610,0
1611,0
1612,0
1613,0
1614,1
1615,0
1616,2
1617,0
1618,0
1619,0
1620,0
1621,0
1622,0
1623,0
1624,0
1625,0
1626,0
1627,0
1628,1
1629,0
1630,1
1631,0
1632,2
1633,1
1634,0
1635,1
1636,1
1637,1
1638,0
1639,0
1640,0
1641,0
1642,0
1643,0
1644,1
1645,0
1646,0
1647,0
1648,0
1649,0
1650,0
1651,0
1652,0
1653,1
1654,0
1655,0
1656,1
1657,1
1658,1
1659,1
1660,0
1661,0
1662,0
1663,1
1664,1
1665,0
1666,0
1667,0
1668,1
1669,1
1670,0
1671,0
1672,0
1673,0
1674,1
1675,0
1676,0
1677,1
1678,0
1679,0
1680,0
1681,0
1682,1
1683,0
1684,0
1685,2
1686,0
1687,1
1688,0
1689,0
1690,1
1691,0
1692,1
1693,0
1694,0
1695,0
1696,1
1697,0
1698,1
1699,0
1700,1
1701,0
1702,0
1703,0
1704,1
1705,0
1706,0
1707,0
1708,0
1709,0
1710,1
1711,0
1712,0
1713,1
1714,0
1715,0
1716,1
1717,0
1718,0
1719,0
1720,0
1721,0
1722,0
1723,0
1724,0
1725,0
1726,0
1727,0
1728,0
1729,1
1730,0
1731,0
1732,0
1733,0
1734,0
1735,0
1736,0
1737,0
1738,0
1739,0
1740,0
1741,0
1742,1
1743,0
1744,0
1745,0
1746,0
1747,0
1748,0
1749,0
1750,0
1751,0
1752,0
1753,0
1754,1
1755,1
1756,0
1757,1
1758,0
1759,1
1760,0
1761,1
1762,0
1763,0
1764,0
1765,2
1766,0
1767,0
1768,0
1769,0
1770,0
1771,0
1772,0
1773,0
1774,0
1775,0
1776,1
1777,0
1778,0
1779,0
1780,1
1781,0
1782,0
1783,0
1784,0
1785,0
1786,0
1787,1
1788,0
1789,0
1790,0
1791,1
1792,0
1793,0
1794,0
1795,0
1796,0
1797,0
1798,0
1799,0
1800,1
1801,0
1802,0
1803,0
1804,0
1805,0
1806,0
1807,1
1808,1
1809,0
1810,0
1811,1
1812,1
1813,0
1814,0
1815,1
1816,0
1817,0
1818,1
1819,0
1820,0
1821,1
1822,1
1823,1
1824,0
1825,0
1826,1
1827,2
1828,0
1829,0
1830,0
1831,2
1832,0
1833,0
1834,0
1835,0
1836,0
1837,0
1838,0
1839,0
1840,0
1841,0
1842,0
1843,1
1844,0
1845,0
1846,0
1847,0
1848,0
1849,0
1850,0
1851,0
1852,0
1853,0
1854,0
1855,0
1856,0
1857,1
1858,1
1859,0
1860,0
1861,0
1862,0
1863,0
1864,1
1865,0
1866,0
1867,0
1868,2
1869,0
1870,1
1871,0
1872,0
1873,1
1874,0
1875,0
1876,1
1877,0
1878,0
1879,0
1880,0
1881,0
1882,1
1883,0
1884,0
1885,0
1886,0
1887,0
1888,0
1889,0
1890,0
1891,0
1892,1
1893,2
1894,0
1895,0
1896,1
1897,0
1898,1
1899,0
1900,0
1901,0
1902,0
1903,0
1904,1
1905,1
1906,0
1907,0
1908,1
1909,0
1910,1
1911,0
1912,0
1913,1
1914,0
1915,0
1916,0
1917,0
1918,0
1919,1
1920,0
1921,1
1922,1
1923,1
1924,1
1925,1
1926,0
1927,0
1928,0
1929,0
1930,0
1931,0
1932,0
1933,0
1934,0
1935,0
1936,0
1937,1
1938,1
1939,0
1940,0
1941,0
1942,0
1943,1
1944,0
1945,0
1946,0
1947,0
1948,0
1949,0
1950,1
1951,0
1952,1
1953,1
1954,0
1955,0
1956,1
1957,1
1958,1
1959,1
1960,1
1961,1
1962,1
1963,1
1964,0
1965,0
1966,0
1967,0
1968,1
1969,0
1970,1
1971,0
1972,0
1973,0
1974,0
1975,0
1976,0
1977,0
1978,0
1979,0
1980,0
1981,0
1982,0
1983,0
1984,0
1985,0
1986,0
1987,1
1988,0
1989,1
1990,0
1991,0
1992,0
1993,0
1994,0
1995,0
1996,0
1997,0
1998,1
1999,0
2000,0
2001,1
2002,0
2003,0
2004,0
2005,1
2006,0
2007,0
2008,1
2009,0
2010,1
2011,0
2012,0
2013,0
2014,0
2015,1
2016,0
2017,0
2018,0
2019,0
2020,0
2021,0
2022,0
2023,0
2024,0
2025,0
2026,1
2027,0
2028,1
2029,0
2030,0
2031,0
2032,1
2033,1
2034,2
2035,1
2036,0
2037,1
2038,1
2039,1
2040,1
2041,0
2042,0
2043,1
2044,1
2045,0
2046,0
2047,0
2048,1
2049,1
2050,0
2051,0
2052,0
2053,0
2054,1
2055,0
2056,0
2057,1
2058,0
2059,1
2060,0
2061,0
2062,0
2063,0
2064,0
2065,1
2066,0
2067,1
2068,0
2069,1
2070,0
2071,1
2072,1
2073,0
2074,1
2075,0
2076,0
2077,0
2078,0
2079,0
2080,0
2081,0
2082,0
2083,0
2084,0
2085,0
2086,0
2087,0
2088,0
2089,0
2090,1
2091,0
2092,0
2093,0
2094,0
2095,1
2096,0
2097,0
2098,1
2099,1
2100,0
2101,0
2102,0
2103,0
2104,0
2105,1
2106,0
2107,0
2108,0
2109,0
2110,2
2111,1
2112,0
2113,0
2114,0
2115,0
2116,0
2117,0
2118,2
2119,0
2120,0
2121,0
2122,1
2123,0
2124,0
2125,0
2126,0
2127,1
2128,0
2129,0
2130,0
2131,0
2132,1
2133,0
2134,0
2135,0
2136,1
2137,1
2138,1
2139,0
2140,1
2141,1
2142,0
2143,0
2144,0
2145,0
2146,1
2147,1
2148,0
2149,1
2150,0
2151,0
2152,0
2153,0
2154,1
2155,0
2156,1
2157,0
2158,1
2159,1
2160,1
2161,1
2162,0
2163,0
2164,0
2165,0
2166,1
2167,0
2168,0
2169,1
2170,0
2171,0
2172,0
2173,1
2174,0
2175,0
2176,1
2177,0
2178,1
2179,0
2180,0
2181,1
2182,1
2183,0
2184,0
2185,0
2186,0
2187,1
2188,0
2189,1
2190,0
2191,2
2192,0
2193,0
2194,0
2195,0
2196,1
2197,2
2198,0
2199,0
2200,0
2201,1
2202,0
2203,0
2204,1
2205,1
2206,0
2207,0
2208,0
2209,0
2210,0
2211,0
2212,1
2213,1
2214,1
2215,0
2216,2
2217,0
2218,0
2219,1
2220,0
2221,1
2222,0
2223,0
2224,0
2225,2
2226,0
2227,0
2228,0
2229,1
2230,0
2231,0
2232,1
2233,0
2234,0
2235,0
2236,1
2237,1
2238,0
2239,0
2240,0
2241,0
2242,0
2243,0
2244,0
2245,0
2246,0
2247,1
2248,0
2249,0
2250,0
2251,1
2252,1
2253,0
2254,1
2255,1
2256,1
2257,1
2258,1
2259,1
2260,0
2261,0
2262,0
2263,1
2264,0
2265,1
2266,0
2267,1
2268,1
2269,0
2270,0
2271,2
2272,0
2273,0
2274,0
2275,0
2276,1
2277,0
2278,0
2279,1
2280,0
2281,0
2282,0
2283,0
2284,1
2285,0
2286,0
2287,0
2288,1
2289,1
2290,0
2291,0
2292,1
2293,0
2294,0
2295,1
2296,0
2297,0
2298,1
2299,0
2300,1
2301,0
2302,0
2303,0
2304,0
2305,1
2306,0
2307,1
2308,1
2309,0
2310,1
2311,0
2312,1
2313,1
2314,0
2315,0
2316,1
2317,0
2318,0
2319,1
2320,0
2321,1
2322,0
2323,0
2324,1
2325,0
2326,0
2327,0
2328,1
2329,0
2330,0
2331,0
2332,0
2333,1
2334,1
2335,0
2336,0
2337,0
2338,1
2339,0
2340,0
2341,0
2342,1
2343,0
2344,0
2345,1
2346,0
2347,0
2348,0
2349,0
2350,1
2351,0
2352,1
2353,0
2354,1
2355,1
2356,1
2357,1
2358,0
2359,0
2360,0
2361,0
2362,0
2363,1
2364,0
2365,1
2366,1
2367,1
2368,0
2369,0
2370,1
2371,1
2372,0
2373,0
2374,1
2375,0
2376,0
2377,0
2378,0
2379,0
2380,1
2381,0
2382,1
2383,0
2384,1
2385,1
2386,0
2387,0
2388,0
2389,0
2390,2
2391,1
2392,1
2393,0
2394,0
2395,1
2396,1
2397,0
2398,0
2399,1
2400,0
2401,0
2402,0
2403,0
2404,0
2405,1
2406,2
2407,1
2408,1
2409,0
2410,1
2411,0
2412,1
2413,0
2414,1
2415,0
2416,0
2417,1
2418,0
2419,0
2420,0
2421,1
2422,1
2423,0
2424,1
2425,0
2426,2
2427,0
2428,0
2429,0
2430,1
2431,0
2432,0
2433,0
2434,0
2435,0
2436,0
2437,0
2438,0
2439,0
2440,1
2441,0
2442,1
2443,0
2444,0
2445,0
2446,0
2447,0
2448,0
2449,1
2450,0
2451,0
2452,0
2453,0
2454,0
2455,0
2456,2
2457,0
2458,0
2459,1
2460,0
2461,0
2462,0
2463,1
2464,0
2465,0
2466,0
2467,0
2468,0
2469,0
2470,0
2471,0
2472,0
2473,0
2474,1
2475,0
2476,0
2477,0
2478,1
2479,1
2480,0
2481,1
2482,0
2483,0
2484,0
2485,0
2486,0
2487,1
2488,1
2489,0
2490,0
2491,1
2492,0
2493,0
2494,1
2495,0
2496,1
2497,0
2498,0
2499,0
2500,0
2501,0
2502,2
2503,0
2504,0
2505,1
2506,0
2507,1
2508,0
2509,0
2510,0
2511,1
2512,0
2513,0
2514,0
2515,1
2516,1
2517,0
2518,1
2519,1
2520,0
2521,0
2522,0
2523,1
2524,1
2525,0
2526,0
2527,0
2528,1
2529,0
2530,1
2531,1
2532,1
2533,1
2534,2
2535,0
2536,0
2537,0
2538,0
2539,1
2540,0
2541,1
2542,1
2543,0
2544,1
2545,1
2546,1
2547,1
2548,0
2549,0
2550,0
2551,1
2552,0
2553,0
2554,0
2555,1
2556,1
2557,0
2558,0
2559,1
2560,0
2561,0
2562,0
2563,1
2564,0
2565,0
2566,0
2567,0
2568,0
2569,1
2570,0
2571,0
2572,0
2573,0
2574,0
2575,0
2576,0
2577,0
2578,2
2579,1
2580,0
2581,1
2582,0
2583,1
2584,0
2585,0
2586,0
2587,0
2588,0
2589,0
2590,0
2591,0
2592,0
2593,0
2594,0
2595,0
2596,1
2597,0
2598,0
2599,0
2600,0
2601,0
2602,0
2603,0
2604,0
2605,0
2606,1
2607,1
2608,1
2609,0
2610,1
2611,1
2612,0
2613,0
2614,0
2615,0
2616,1
2617,1
2618,0
2619,0
2620,0
2621,1
2622,0
2623,1
2624,0
2625,0
2626,0
2627,1
2628,0
2629,1
2630,1
2631,0
2632,1
2633,0
2634,0
2635,0
2636,1
2637,0
2638,1
2639,0
2640,0
2641,2
2642,0
2643,0
2644,0
2645,0
2646,1
2647,0
2648,0
2649,0
2650,0
2651,0
2652,0
2653,1
2654,0
2655,0
2656,1
2657,0
2658,0
2659,0
2660,0
2661,0
2662,1
2663,0
2664,0
2665,0
2666,1
2667,1
2668,0
2669,0
2670,1
2671,0
2672,0
2673,0
2674,0
2675,0
2676,1
2677,0
2678,1
2679,0
2680,1
2681,0
2682,0
2683,1
2684,0
2685,0
2686,0
2687,0
2688,0
2689,0
2690,0
2691,1
2692,0
2693,0
2694,0
2695,0
2696,1
2697,1
2698,1
2699,0
2700,0
2701,0
2702,0
2703,0
2704,0
2705,1
2706,2
2707,0
2708,1
2709,0
2710,1
2711,1
2712,0
2713,0
2714,0
2715,1
2716,0
2717,1
2718,0
2719,0
2720,0
2721,0
2722,1
2723,1
2724,0
2725,0
2726,0
2727,1
2728,0
2729,0
2730,0
2731,0
2732,1
2733,1
2734,0
2735,0
2736,0
2737,1
2738,1
2739,0
2740,0
2741,0
2742,0
2743,0
2744,1
2745,0
2746,1
2747,0
2748,0
2749,1
2750,1
2751,0
2752,1
2753,0
2754,0
2755,0
2756,0
2757,0
2758,0
2759,1
2760,0
2761,0
2762,1
2763,0
2764,0
2765,0
2766,0
2767,0
2768,0
2769,0
2770,0
2771,0
2772,0
2773,0
2774,1
2775,0
2776,0
2777,0
2778,0
2779,0
2780,0
2781,1
2782,0
2783,0
2784,0
2785,0
2786,0
2787,0
2788,0
2789,0
2790,0
2791,0
2792,0
2793,0
2794,0
2795,0
2796,1
2797,0
2798,0
2799,1
2800,1
2801,0
2802,0
2803,1
2804,0
2805,0
2806,1
2807,0
2808,0
2809,1
2810,0
2811,0
2812,0
2813,0
2814,0
2815,0
2816,0
2817,0
2818,0
2819,1
2820,0
2821,0
2822,0
2823,1
2824,1
2825,0
2826,0
2827,0
2828,0
2829,0
2830,0
2831,0
2832,0
2833,0
2834,0
2835,0
2836,0
2837,0
2838,0
2839,0
2840,0
2841,0
2842,1
2843,0
2844,0
2845,1
2846,0
2847,0
2848,0
2849,0
2850,0
2851,0
2852,0
2853,1
2854,0
2855,0
2856,0
2857,1
2858,0
2859,0
2860,0
2861,1
2862,1
2863,1
2864,1
2865,0
2866,0
2867,0
2868,0
2869,0
2870,1
2871,0
2872,1
2873,1
2874,0
2875,0
2876,0
2877,1
2878,0
2879,0
2880,1
2881,0
2882,0
2883,1
2884,1
2885,0
2886,0
2887,0
2888,0
2889,0
2890,1
2891,0
2892,0
2893,0
2894,0
2895,0
2896,0
2897,0
2898,0
2899,0
2900,0
2901,0
2902,0
2903,0
2904,0
2905,0
2906,1
2907,0
2908,0
2909,0
2910,1
2911,1
2912,1
2913,0
2914,0
2915,0
2916,2
2917,2
2918,0
2919,0
2920,0
2921,0
2922,0
2923,1
2924,1
2925,1
2926,0
2927,0
2928,0
2929,0
2930,0
2931,0
2932,0
2933,1
2934,0
2935,1
2936,1
2937,1
2938,1
2939,0
2940,0
2941,1
2942,0
2943,2
2944,1
2945,2
2946,1
2947,0
2948,0
2949,0
2950,1
2951,0
2952,0
2953,0
2954,0
2955,0
2956,0
2957,0
2958,0
2959,0
2960,0
2961,0
2962,1
2963,0
2964,1
2965,1
2966,0
2967,1
2968,0
2969,0
2970,0
2971,0
2972,1
2973,0
2974,0
2975,0
2976,1
2977,0
2978,0
2979,0
2980,0
2981,0
2982,0
2983,0
2984,0
2985,0
2986,0
2987,1
2988,0
2989,0
2990,1
2991,1
2992,1
2993,0
2994,0
2995,0
2996,1
2997,1
2998,1
2999,1
3000,0
3001,0
3002,0
3003,1
3004,2
3005,0
3006,1
3007,0
3008,1
3009,0
3010,0
3011,0
3012,1
3013,1
3014,0
3015,1
3016,1
3017,0
3018,2
3019,1
3020,1
3021,0
3022,1
3023,0
3024,1
3025,1
3026,0
3027,1
3028,0
3029,1
3030,0
3031,0
3032,1
3033,2
3034,1
3035,1
3036,1
3037,1
3038,1
3039,0
3040,0
3041,0
3042,0
3043,0
3044,0
3045,0
3046,1
3047,1
3048,1
3049,1
3050,0
3051,1
3052,1
3053,0
3054,1
3055,0
3056,1
3057,1
3058,1
3059,1
3060,1
3061,0
3062,0
3063,0
3064,1
3065,1
3066,1
3067,1
3068,1
3069,1
3070,1
3071,1
3072,0
3073,1
3074,1
3075,0
3076,1
3077,1
3078,1
3079,1
3080,0
3081,1
3082,1
3083,0
3084,0
3085,0
3086,1
3087,1
3088,0
3089,1
3090,1
3091,2
3092,1
3093,2
3094,1
3095,1
3096,1
3097,0
3098,0
3099,1
3100,0
3101,0
3102,2
3103,0
3104,1
3105,1
3106,1
3107,2
3108,1
3109,2
3110,1
3111,1
3112,0
3113,0
3114,0
3115,0
3116,2
3117,2
3118,1
3119,0
3120,1
3121,1
3122,1
3123,0
3124,0
3125,1
3126,1
3127,0
3128,1
3129,1
3130,1
3131,0
3132,0
3133,0
3134,0
3135,1
3136,1
3137,1
3138,0
3139,1
3140,1
3141,1
3142,1
3143,0
3144,1
3145,1
3146,1
3147,0
3148,1
3149,1
3150,1
3151,1
3152,1
3153,0
3154,1
3155,1
3156,1
3157,0
3158,1
3159,0
3160,0
3161,1
3162,1
3163,0
3164,0
3165,0
3166,0
3167,1
3168,0
3169,2
3170,1
3171,0
3172,0
3173,0
3174,1
3175,1
3176,1
3177,0
3178,0
3179,1
3180,0
3181,0
3182,0
3183,2
3184,1
3185,0
3186,0
3187,0
3188,0
3189,1
3190,0
3191,0
3192,2
3193,0
3194,0
3195,0
3196,1
3197,1
3198,0
3199,0
3200,0
3201,1
3202,0
3203,0
3204,1
3205,2
3206,1
3207,1
3208,0
3209,1
3210,0
3211,1
3212,1
3213,1
3214,1
3215,1
3216,1
3217,2
3218,0
3219,0
3220,0
3221,0
3222,0
3223,2
3224,1
3225,0
3226,1
3227,0
3228,1
3229,0
3230,1
3231,2
3232,1
3233,0
3234,0
3235,1
3236,0
3237,0
3238,1
3239,0
3240,1
3241,0
3242,1
3243,0
3244,2
3245,1
3246,1
3247,1
3248,1
3249,1
3250,1
3251,1
3252,0
3253,0
3254,1
3255,0
3256,1
3257,1
3258,1
3259,0
3260,1
3261,0
3262,0
3263,1
3264,0
3265,1
3266,0
3267,1
3268,1
3269,0
3270,0
3271,1
3272,1
3273,0
3274,1
3275,1
3276,1
3277,1
3278,1
3279,0
3280,1
3281,0
3282,2
3283,2
3284,0
3285,2
3286,1
3287,1
3288,0
3289,0
3290,0
3291,0
3292,1
3293,2
3294,2
3295,0
3296,1
3297,0
3298,0
3299,0
3300,0
3301,0
3302,0
3303,1
3304,0
3305,0
3306,0
3307,1
3308,0
3309,1
3310,2
3311,1
3312,0
3313,1
3314,2
3315,0
3316,0
3317,2
3318,1
3319,0
3320,0
3321,1
3322,1
3323,0
3324,1
3325,1
3326,0
3327,1
3328,0
3329,1
3330,1
3331,2
3332,1
3333,1
3334,1
3335,1
3336,0
3337,0
3338,0
3339,0
3340,0
3341,1
3342,1
3343,0
3344,1
3345,0
3346,1
3347,1
3348,1
3349,1
3350,0
3351,0
3352,2
3353,0
3354,0
3355,1
3356,1
3357,1
3358,1
3359,0
3360,0
3361,1
3362,1
3363,1
3364,0
3365,0
3366,1
3367,0
3368,0
3369,0
3370,2
3371,1
3372,0
3373,0
3374,1
3375,2
3376,0
3377,0
3378,1
3379,0
3380,0
3381,2
3382,1
3383,2
3384,0
3385,1
3386,2
3387,0
3388,1
3389,0
3390,0
3391,0
3392,0
3393,1
3394,1
3395,1
3396,1
3397,0
3398,2
3399,1
3400,0
3401,0
3402,2
3403,0
3404,1
3405,1
3406,1
3407,0
3408,2
3409,0
3410,0
3411,1
3412,1
3413,0
3414,0
3415,0
3416,0
3417,0
3418,1
3419,1
3420,2
3421,2
3422,1
3423,1
3424,1
3425,0
3426,0
3427,0
3428,1
3429,1
3430,0
3431,1
3432,2
3433,0
3434,0
3435,0
3436,2
3437,0
3438,0
3439,0
3440,0
3441,0
3442,2
3443,1
3444,0
3445,0
3446,1
3447,0
3448,1
3449,0
3450,1
3451,0
3452,0
3453,1
3454,1
3455,0
3456,0
3457,2
3458,0
3459,0
3460,0
3461,1
3462,2
3463,1
3464,0
3465,2
3466,0
3467,0
3468,0
3469,1
3470,0
3471,0
3472,0
3473,0
3474,1
3475,0
3476,0
3477,0
3478,1
3479,0
3480,0
3481,1
3482,1
3483,2
3484,0
3485,1
3486,1
3487,0
3488,0
3489,0
3490,0
3491,2
3492,2
3493,0
3494,0
3495,1
3496,0
3497,1
3498,0
3499,1
3500,0
3501,1
3502,0
3503,1
3504,1
3505,1
3506,0
3507,1
3508,0
3509,1
3510,2
3511,1
3512,2
3513,2
3514,0
3515,1
3516,0
3517,1
3518,1
3519,1
3520,0
3521,1
3522,0
3523,0
3524,1
3525,0
3526,1
3527,2
3528,1
3529,1
3530,1
3531,1
3532,2
3533,0
3534,1
3535,0
3536,2
3537,0
3538,0
3539,0
3540,1
3541,1
3542,0
3543,1
3544,1
3545,0
3546,0
3547,1
3548,1
3549,1
3550,0
3551,0
3552,0
3553,1
3554,1
3555,1
3556,0
3557,0
3558,0
3559,1
3560,0
3561,0
3562,2
3563,0
3564,0
3565,2
3566,0
3567,0
3568,0
3569,0
3570,1
3571,2
3572,1
3573,0
3574,0
3575,0
3576,1
3577,0
3578,0
3579,1
3580,1
3581,1
3582,1
3583,0
3584,1
3585,1
3586,0
3587,0
3588,0
3589,1
3590,1
3591,1
3592,1
3593,0
3594,1
3595,0
3596,0
3597,1
3598,0
3599,0
3600,1
3601,1
3602,1
3603,1
3604,2
3605,1
3606,0
3607,1
3608,0
3609,2
3610,2
3611,0
3612,0
3613,0
3614,1
3615,1
3616,2
3617,1
3618,1
3619,0
3620,0
3621,1
3622,1
3623,0
3624,0
3625,0
3626,1
3627,2
3628,0
3629,0
3630,1
3631,2
3632,1
3633,0
3634,2
3635,0
3636,2
3637,0
3638,1
3639,2
3640,0
3641,1
3642,2
3643,0
3644,0
3645,0
3646,0
3647,0
3648,1
3649,2
3650,0
3651,1
3652,1
3653,0
3654,0
3655,1
3656,2
3657,1
3658,2
3659,1
3660,2
3661,1
3662,0
3663,0
3664,1
3665,0
3666,0
3667,1
3668,0
3669,0
3670,1
3671,1
3672,1
3673,0
3674,0
3675,0
3676,1
3677,0
3678,0
3679,1
3680,1
3681,0
3682,0
3683,0
3684,2
3685,1
3686,1
3687,1
3688,1
3689,0
3690,1
3691,0
3692,1
3693,1
3694,2
3695,1
3696,0
3697,0
3698,1
3699,1
3700,0
3701,0
3702,0
3703,0
3704,0
3705,2
3706,0
3707,1
3708,1
3709,2
3710,2
3711,2
3712,1
3713,0
3714,0
3715,0
3716,1
3717,1
3718,1
3719,1
3720,1
3721,0
3722,1
3723,2
3724,0
3725,1
3726,0
3727,1
3728,1
3729,1
3730,2
3731,1
3732,0
3733,0
3734,0
3735,0
3736,2
3737,1
3738,1
3739,0
3740,0
3741,1
3742,1
3743,0
3744,0
3745,1
3746,1
3747,0
3748,1
3749,0
3750,1
3751,1
3752,1
3753,1
3754,1
3755,0
3756,0
3757,1
3758,1
3759,1
3760,0
3761,2
3762,0
3763,0
3764,0
3765,2
3766,1
3767,0
3768,0
3769,1
3770,0
3771,1
3772,0
3773,2
3774,1
3775,0
3776,0
3777,0
3778,0
3779,0
3780,1
3781,1
3782,0
3783,1
3784,2
3785,1
3786,0
3787,1
3788,0
3789,1
3790,2
3791,0
3792,0
3793,0
3794,1
3795,2
3796,0
3797,1
3798,0
3799,1
3800,0
3801,2
3802,1
3803,1
3804,1
3805,0
3806,0
3807,0
3808,0
3809,1
3810,0
3811,1
3812,1
3813,1
3814,0
3815,1
3816,0
3817,0
3818,0
3819,0
3820,1
3821,0
3822,2
3823,0
3824,0
3825,1
3826,0
3827,0
3828,0
3829,0
3830,0
3831,1
3832,0
3833,2
3834,1
3835,0
3836,2
3837,1
3838,1
3839,1
3840,0
3841,0
3842,1
3843,2
3844,0
3845,0
3846,2
3847,1
3848,0
3849,0
3850,1
3851,1
3852,1
3853,1
3854,1
3855,1
3856,2
3857,1
3858,0
3859,1
3860,1
3861,2
3862,1
3863,0
3864,1
3865,0
3866,1
3867,0
3868,1
3869,0
3870,2
3871,0
3872,2
3873,0
3874,1
3875,0
3876,1
3877,1
3878,0
3879,1
3880,2
3881,0
3882,1
3883,0
3884,0
3885,0
3886,0
3887,1
3888,0
3889,0
3890,0
3891,0
3892,1
3893,1
3894,0
3895,1
3896,0
3897,0
3898,2
3899,0
3900,2
3901,0
3902,1
3903,0
3904,0
3905,0
3906,1
3907,0
3908,1
3909,1
3910,2
3911,2
3912,0
3913,0
3914,1
3915,0
3916,1
3917,0
3918,1
3919,1
3920,0
3921,0
3922,0
3923,1
3924,2
3925,1
3926,1
3927,1
3928,0
3929,1
3930,0
3931,0
3932,1
3933,1
3934,0
3935,1
3936,0
3937,0
3938,1
3939,0
3940,0
3941,0
3942,1
3943,1
3944,1
3945,0
3946,1
3947,1
3948,2
3949,1
3950,0
3951,0
3952,2
3953,0
3954,2
3955,2
3956,0
3957,2
3958,1
3959,1
3960,1
3961,0
3962,1
3963,0
3964,1
3965,0
3966,1
3967,0
3968,1
3969,0
3970,1
3971,0
3972,0
3973,2
3974,2
3975,1
3976,1
3977,1
3978,2
3979,1
3980,0
3981,0
3982,0
3983,1
3984,0
3985,0
3986,1
3987,0
3988,1
3989,1
3990,2
3991,0
3992,1
3993,0
3994,2
3995,0
3996,0
3997,1
3998,2
3999,0
4000,1
4001,0
4002,2
4003,0
4004,1
4005,0
4006,2
4007,0
4008,1
4009,1
4010,1
4011,0
4012,0
4013,1
4014,0
4015,1
4016,1
4017,0
4018,1
4019,0
4020,2
4021,0
4022,2
4023,1
4024,1
4025,0
4026,1
4027,1
4028,2
4029,2
4030,1
4031,0
4032,0
4033,1
4034,0
4035,0
4036,1
4037,1
4038,2
4039,2
4040,0
4041,1
4042,1
4043,2
4044,0
4045,0
4046,0
4047,1
4048,0
4049,1
4050,1
4051,0
4052,0
4053,1
4054,0
4055,1
4056,0
4057,0
4058,0
4059,1
4060,0
4061,0
4062,1
4063,1
4064,0
4065,1
4066,1
4067,1
4068,0
4069,0
4070,0
4071,1
4072,1
4073,0
4074,1
4075,1
4076,1
4077,1
4078,1
4079,1
4080,0
4081,1
4082,1
4083,0
4084,1
4085,1
4086,2
4087,0
4088,0
4089,0
4090,2
4091,0
4092,1
4093,1
4094,0
4095,1
4096,0
4097,0
4098,0
4099,1
4100,1
4101,1
4102,0
4103,0
4104,1
4105,0
4106,0
4107,1
4108,2
4109,0
4110,0
4111,0
4112,1
4113,2
4114,0
4115,1
4116,0
4117,1
4118,0
4119,0
4120,1
4121,0
4122,2
4123,0
4124,0
4125,1
4126,0
4127,1
4128,0
4129,2
4130,0
4131,0
4132,2
4133,2
4134,0
4135,1
4136,1
4137,2
4138,0
4139,0
4140,0
4141,1
4142,0
4143,1
4144,1
4145,0
4146,0
4147,0
4148,1
4149,1
4150,0
4151,1
4152,0
4153,0
4154,1
4155,0
4156,1
4157,0
4158,1
4159,1
4160,0
4161,1
4162,1
4163,1
4164,2
4165,2
4166,0
4167,0
4168,0
4169,1
4170,0
4171,2
4172,1
4173,2
4174,1
4175,0
4176,0
4177,1
4178,0
4179,0
4180,1
4181,0
4182,0
4183,2
4184,1
4185,1
4186,0
4187,1
4188,0
4189,1
4190,0
4191,0
4192,1
4193,0
4194,1
4195,0
4196,1
4197,0
4198,0
4199,1
4200,1
4201,0
4202,0
4203,0
4204,1
4205,2
4206,0
4207,1
4208,0
4209,0
4210,0
4211,0
4212,0
4213,1
4214,2
4215,0
4216,2
4217,1
4218,2
4219,0
4220,0
4221,1
4222,0
4223,0
4224,0
4225,0
4226,0
4227,1
4228,1
4229,1
4230,1
4231,1
4232,0
4233,1
4234,0
4235,1
4236,0
4237,1
4238,0
4239,1
4240,0
4241,0
4242,1
4243,1
4244,1
4245,1
4246,0
4247,0
4248,0
4249,0
4250,0
4251,0
4252,0
4253,0
4254,1
4255,1
4256,0
4257,1
4258,0
4259,0
4260,0
4261,0
4262,0
4263,1
4264,1
4265,1
4266,1
4267,1
4268,0
4269,0
4270,2
4271,0
4272,1
4273,1
4274,2
4275,2
4276,0
4277,1
4278,0
4279,1
4280,0
4281,0
4282,2
4283,1
4284,1
4285,1
4286,1
4287,1
4288,0
4289,0
4290,0
4291,0
4292,1
4293,1
4294,2
4295,1
4296,0
4297,1
4298,1
4299,1
4300,0
4301,0
4302,0
4303,1
4304,1
4305,2
4306,1
4307,2
4308,1
4309,0
4310,1
4311,0
4312,0
4313,0
4314,1
4315,1
4316,2
4317,0
4318,0
4319,0
4320,1
4321,1
4322,0
4323,1
4324,0
4325,1
4326,2
4327,1
4328,0
4329,1
4330,0
4331,0
4332,1
4333,0
4334,0
4335,1
4336,0
4337,0
4338,0
4339,1
4340,1
4341,2
4342,0
4343,0
4344,1
4345,0
4346,1
4347,0
4348,1
4349,0
4350,0
4351,0
4352,2
4353,1
4354,2
4355,0
4356,1
4357,1
4358,0
4359,1
4360,0
4361,0
4362,0
4363,2
4364,2
4365,1
4366,1
4367,0
4368,0
4369,1
4370,1
4371,0
4372,1
4373,0
4374,0
4375,2
4376,0
4377,0
4378,0
4379,1
4380,2
4381,0
4382,1
4383,1
4384,2
4385,0
4386,1
4387,1
4388,1
4389,0
4390,1
4391,0
4392,0
4393,1
4394,2
4395,1
4396,0
4397,1
4398,1
4399,2
4400,0
4401,1
4402,0
4403,2
4404,0
4405,2
4406,1
4407,2
4408,1
4409,0
4410,2
4411,0
4412,1
4413,0
4414,2
4415,0
4416,2
4417,1
4418,1
4419,1
4420,0
4421,1
4422,1
4423,1
4424,0
4425,1
4426,0
4427,0
4428,2
4429,2
4430,2
4431,1
4432,0
4433,1
4434,1
4435,0
4436,1
4437,0
4438,0
4439,0
4440,2
4441,1
4442,1
4443,1
4444,1
4445,2
4446,0
4447,1
4448,0
4449,0
4450,1
4451,0
4452,1
4453,1
4454,0
4455,0
4456,1
4457,1
4458,0
4459,1
4460,0
4461,1
4462,1
4463,1
4464,0
4465,2
4466,2
4467,1
4468,0
4469,1
4470,0
4471,2
4472,0
4473,2
4474,2
4475,1
4476,1
4477,1
4478,1
4479,0
4480,0
4481,1
4482,1
4483,1
4484,1
4485,1
4486,0
4487,0
4488,0
4489,1
4490,1
4491,0
4492,0
4493,0
4494,2
4495,1
4496,2
4497,0
4498,0
4499,1
4500,0
4501,0
4502,0
4503,1
4504,1
4505,1
4506,0
4507,0
4508,1
4509,0
4510,0
4511,0
4512,2
4513,0
4514,0
4515,0
4516,1
4517,0
4518,1
4519,0
4520,1
4521,2
4522,2
4523,0
4524,0
4525,0
4526,0
4527,2
4528,0
4529,1
4530,1
4531,1
4532,0
4533,0
4534,1
4535,0
4536,1
4537,0
4538,1
4539,1
4540,1
4541,0
4542,2
4543,0
4544,0
4545,1
4546,1
4547,2
4548,2
4549,1
4550,0
4551,0
4552,0
4553,1
4554,0
4555,1
4556,1
4557,0
4558,2
4559,0
4560,1
4561,0
4562,0
4563,1
4564,0
4565,0
4566,0
4567,1
4568,1
4569,1
4570,0
4571,1
4572,0
4573,1
4574,2
4575,1
4576,1
4577,0
4578,0
4579,1
4580,0
4581,0
4582,0
4583,0
4584,2
4585,0
4586,2
4587,2
4588,0
4589,0
4590,0
4591,0
4592,2
4593,1
4594,0
4595,0
4596,0
4597,1
4598,0
4599,1
4600,0
4601,0
4602,1
4603,0
4604,0
4605,1
4606,0
4607,1
4608,1
4609,0
4610,1
4611,2
4612,0
4613,1
4614,2
4615,0
4616,1
4617,0
4618,2
4619,0
4620,2
4621,1
4622,1
4623,0
4624,0
4625,1
4626,1
4627,0
4628,0
4629,1
4630,0
4631,0
4632,1
4633,0
4634,1
4635,2
4636,1
4637,1
4638,0
4639,1
4640,1
4641,0
4642,1
4643,0
4644,1
4645,1
4646,0
4647,1
4648,1
4649,0
4650,1
4651,1
4652,2
4653,1
4654,1
4655,0
4656,1
4657,0
4658,1
4659,0
4660,0
4661,1
4662,1
4663,0
4664,1
4665,2
4666,0
4667,1
4668,0
4669,0
4670,1
4671,2
4672,0
4673,1
4674,1
4675,1
4676,2
4677,0
4678,1
4679,0
4680,1
4681,0
4682,1
4683,1
4684,1
4685,0
4686,2
4687,0
4688,0
4689,1
4690,1
4691,0
4692,1
4693,1
4694,0
4695,1
4696,1
4697,1
4698,1
4699,2
4700,0
4701,1
4702,1
4703,1
4704,1
4705,1
4706,1
4707,0
4708,1
4709,1
4710,0
4711,1
4712,1
4713,0
4714,0
4715,0
4716,0
4717,0
4718,0
4719,1
4720,0
4721,0
4722,0
4723,1
4724,1
4725,0
4726,1
4727,0
4728,0
4729,2
4730,1
4731,0
4732,2
4733,1
4734,1
4735,1
4736,0
4737,1
4738,2
4739,1
4740,0
4741,0
4742,0
4743,0
4744,1
4745,2
4746,0
4747,0
4748,0
4749,1
4750,1
4751,1
4752,1
4753,1
4754,1
4755,0
4756,1
4757,1
4758,1
4759,2
4760,0
4761,1
4762,0
4763,0
4764,0
4765,1
4766,1
4767,1
4768,0
4769,0
4770,1
4771,0
4772,0
4773,0
4774,0
4775,1
4776,1
4777,1
4778,0
4779,0
4780,1
4781,0
4782,1
4783,1
4784,1
4785,2
4786,2
4787,1
4788,1
4789,0
4790,1
4791,1
4792,1
4793,0
4794,1
4795,0
4796,1
4797,0
4798,1
4799,1
4800,0
4801,2
4802,2
4803,0
4804,2
4805,1
4806,1
4807,1
4808,1
4809,2
4810,0
4811,1
4812,1
4813,0
4814,2
4815,1
4816,1
4817,0
4818,0
4819,1
4820,0
4821,0
4822,0
4823,0
4824,0
4825,0
4826,1
4827,1
4828,2
4829,0
4830,1
4831,0
4832,0
4833,1
4834,1
4835,0
4836,0
4837,0
4838,1
4839,0
4840,1
4841,1
4842,1
4843,1
4844,0
4845,1
4846,0
4847,0
4848,0
4849,1
4850,0
4851,1
4852,0
4853,0
4854,0
4855,0
4856,0
4857,1
4858,0
4859,1
4860,0
4861,2
4862,2
4863,0
4864,0
4865,0
4866,0
4867,0
4868,2
4869,1
4870,1
4871,1
4872,0
4873,0
4874,2
4875,2
4876,1
4877,1
4878,0
4879,1
4880,0
4881,1
4882,0
4883,1
4884,1
4885,0
4886,1
4887,0
4888,0
4889,1
4890,1
4891,0
4892,1
4893,1
4894,1
4895,1
4896,0
4897,0
4898,0
4899,0
4900,0
4901,1
4902,0
4903,1
4904,1
4905,2
4906,0
4907,1
4908,0
4909,2
4910,0
4911,1
4912,2
4913,1
4914,1
4915,1
4916,1
4917,0
4918,0
4919,1
4920,0
4921,0
4922,1
4923,1
4924,1
4925,2
4926,0
4927,1
4928,0
4929,0
4930,1
4931,0
4932,0
4933,0
4934,1
4935,1
4936,0
4937,0
4938,0
4939,0
4940,2
4941,0
4942,1
4943,0
4944,2
4945,1
4946,0
4947,0
4948,0
4949,0
4950,1
4951,1
4952,0
4953,0
4954,0
4955,2
4956,0
4957,2
4958,2
4959,1
4960,1
4961,0
4962,1
4963,0
4964,0
4965,0
4966,1
4967,1
4968,1
4969,0
4970,1
4971,0
4972,1
4973,1
4974,1
4975,0
4976,0
4977,1
4978,0
4979,0
4980,0
4981,0
4982,1
4983,0
4984,0
4985,0
4986,1
4987,1
4988,1
4989,1
4990,0
4991,1
4992,1
4993,0
4994,2
4995,0
4996,2
4997,0
4998,1
4999,1
5000,1
5001,2
5002,1
5003,1
5004,1
5005,1
5006,1
5007,2
5008,1
5009,0
5010,2
5011,1
5012,0
5013,2
5014,1
5015,1
5016,0
5017,1
5018,1
5019,0
5020,0
5021,1
5022,1
5023,0
5024,0
5025,2
5026,2
5027,1
5028,0
5029,1
5030,1
5031,0
5032,1
5033,0
5034,1
5035,2
5036,2
5037,0
5038,2
5039,0
5040,1
5041,1
5042,1
5043,0
5044,1
5045,1
5046,0
5047,0
5048,0
5049,1
5050,0
5051,1
5052,1
5053,0
5054,1
5055,0
5056,0
5057,2
5058,1
5059,1
5060,2
5061,1
5062,1
5063,0
5064,0
5065,0
5066,0
5067,1
5068,1
5069,0
5070,1
5071,0
5072,0
5073,1
5074,1
5075,1
5076,0
5077,0
5078,0
5079,1
5080,1
5081,0
5082,0
5083,1
5084,1
5085,0
5086,1
5087,0
5088,0
5089,2
5090,2
5091,1
5092,0
5093,0
5094,0
5095,2
5096,1
5097,1
5098,0
5099,0
5100,0
5101,1
5102,0
5103,0
5104,1
5105,1
5106,1
5107,1
5108,1
5109,0
5110,1
5111,0
5112,1
5113,1
5114,2
5115,2
5116,2
5117,0
5118,1
5119,1
5120,0
5121,1
5122,1
5123,0
5124,1
5125,1
5126,2
5127,1
5128,1
5129,1
5130,0
5131,0
5132,0
5133,1
5134,2
5135,0
5136,0
5137,1
5138,0
5139,0
5140,0
5141,1
5142,0
5143,1
5144,0
5145,0
5146,2
5147,1
5148,0
5149,1
5150,1
5151,0
5152,0
5153,0
5154,0
5155,2
5156,0
5157,0
5158,1
5159,1
5160,0
5161,1
5162,2
5163,0
5164,1
5165,1
5166,1
5167,1
5168,1
5169,2
5170,1
5171,1
5172,0
5173,1
5174,0
5175,1
5176,0
5177,1
5178,2
5179,1
5180,0
5181,0
5182,0
5183,0
5184,1
5185,1
5186,0
5187,1
5188,0
5189,1
5190,1
5191,2
5192,1
5193,2
5194,0
5195,1
5196,0
5197,0
5198,1
5199,2
5200,1
5201,1
5202,0
5203,0
5204,2
5205,1
5206,0
5207,0
5208,0
5209,1
5210,2
5211,1
5212,0
5213,1
5214,1
5215,2
5216,0
5217,1
5218,0
5219,1
5220,1
5221,1
5222,1
5223,0
5224,0
5225,0
5226,1
5227,1
5228,1
5229,1
5230,2
5231,0
5232,0
5233,1
5234,1
5235,0
5236,0
5237,0
5238,1
5239,1
5240,2
5241,1
5242,0
5243,0
5244,1
5245,1
5246,0
5247,0
5248,0
5249,1
5250,0
5251,1
5252,1
5253,0
5254,0
5255,0
5256,1
5257,1
5258,1
5259,0
5260,2
5261,1
5262,0
5263,1
5264,1
5265,1
5266,1
5267,1
5268,0
5269,1
5270,0
5271,0
5272,2
5273,2
5274,0
5275,1
5276,0
5277,0
5278,1
5279,0
5280,2
5281,1
5282,0
5283,2
5284,0
5285,1
5286,1
5287,0
5288,0
5289,0
5290,2
5291,2
5292,1
5293,1
5294,1
5295,1
5296,1
5297,0
5298,1
5299,0
5300,0
5301,2
5302,1
5303,1
5304,0
5305,1
5306,0
5307,0
5308,0
5309,1
5310,0
5311,1
5312,0
5313,1
5314,0
5315,0
5316,1
5317,0
5318,2
5319,1
5320,1
5321,0
5322,0
5323,1
5324,1
5325,1
5326,1
5327,0
5328,1
5329,1
5330,0
5331,0
5332,1
5333,0
5334,0
5335,0
5336,0
5337,0
5338,0
5339,1
5340,1
5341,1
5342,1
5343,0
5344,1
5345,1
5346,1
5347,0
5348,1
5349,0
5350,1
5351,1
5352,0
5353,0
5354,1
5355,1
5356,1
5357,1
5358,0
5359,0
5360,1
5361,1
5362,0
5363,0
5364,0
5365,0
5366,0
5367,2
5368,0
5369,0
5370,0
5371,1
5372,1
5373,0
5374,1
5375,0
5376,1
5377,1
5378,1
5379,1
5380,1
5381,0
5382,1
5383,1
5384,0
5385,0
5386,1
5387,1
5388,0
5389,0
5390,0
5391,1
5392,0
5393,0
5394,1
5395,1
5396,0
5397,0
5398,0
5399,1
5400,1
5401,1
5402,1
5403,0
5404,1
5405,2
5406,1
5407,1
5408,1
5409,2
5410,2
5411,0
5412,2
5413,1
5414,1
5415,0
5416,0
5417,0
5418,1
5419,1
5420,1
5421,1
5422,1
5423,1
5424,2
5425,0
5426,1
5427,1
5428,1
5429,1
5430,1
5431,1
5432,0
5433,0
5434,1
5435,0
5436,1
5437,1
5438,0
5439,0
5440,1
5441,1
5442,0
5443,1
5444,2
5445,0
5446,2
5447,1
5448,1
5449,0
5450,1
5451,0
5452,0
5453,1
5454,0
5455,1
5456,0
5457,0
5458,2
5459,0
5460,2
5461,0
5462,1
5463,0
5464,1
5465,0
5466,1
5467,0
5468,1
5469,0
5470,1
5471,0
5472,2
5473,1
5474,0
5475,1
5476,1
5477,1
5478,0
5479,0
5480,0
5481,0
5482,0
5483,1
5484,0
5485,0
5486,1
5487,0
5488,0
5489,2
5490,0
5491,0
5492,2
5493,1
5494,2
5495,1
5496,1
5497,1
5498,0
5499,1
5500,0
5501,1
5502,1
5503,0
5504,0
5505,1
5506,2
5507,0
5508,0
5509,0
5510,1
5511,2
5512,1
5513,1
5514,0
5515,0
5516,0
5517,1
5518,0
5519,0
5520,0
5521,0
5522,0
5523,1
5524,0
5525,1
5526,1
5527,0
5528,1
5529,1
5530,1
5531,1
5532,0
5533,0
5534,1
5535,1
5536,1
5537,0
5538,2
5539,2
5540,1
5541,0
5542,1
5543,0
5544,0
5545,1
5546,1
5547,0
5548,1
5549,1
5550,1
5551,1
5552,0
5553,2
5554,0
5555,1
5556,1
5557,0
5558,0
5559,1
5560,0
5561,1
5562,0
5563,0
5564,1
5565,0
5566,0
5567,2
5568,1
5569,0
5570,1
5571,1
5572,1
5573,1
5574,0
5575,0
5576,1
5577,1
5578,1
5579,1
5580,0
5581,0
5582,0
5583,1
5584,0
5585,1
5586,1
5587,1
5588,1
5589,1
5590,0
5591,0
5592,1
5593,1
5594,0
5595,1
5596,1
5597,2
5598,1
5599,0
5600,2
5601,1
5602,0
5603,0
5604,1
5605,1
5606,1
5607,0
5608,0
5609,0
5610,1
5611,0
5612,1
5613,0
5614,0
5615,0
5616,0
5617,1
5618,1
5619,0
5620,0
5621,1
5622,1
5623,0
5624,1
5625,0
5626,0
5627,0
5628,0
5629,1
5630,2
5631,0
5632,1
5633,0
5634,1
5635,0
5636,0
5637,0
5638,0
5639,2
5640,0
5641,1
5642,2
5643,1
5644,0
5645,0
5646,0
5647,1
5648,1
5649,1
5650,1
5651,0
5652,1
5653,1
5654,1
5655,1
5656,0
5657,1
5658,1
5659,0
5660,1
5661,2
5662,1
5663,0
5664,0
5665,1
5666,1
5667,1
5668,1
5669,0
5670,1
5671,1
5672,1
5673,1
5674,2
5675,0
5676,0
5677,1
5678,0
5679,0
5680,1
5681,0
5682,1
5683,0
5684,0
5685,1
5686,0
5687,0
5688,1
5689,0
5690,0
5691,1
5692,1
5693,0
5694,1
5695,1
5696,0
5697,1
5698,0
5699,1
5700,1
5701,0
5702,0
5703,1
5704,2
5705,1
5706,1
5707,1
5708,1
5709,0
5710,1
5711,1
5712,1
5713,1
5714,0
5715,0
5716,0
5717,1
5718,1
5719,0
5720,0
5721,0
5722,0
5723,0
5724,1
5725,1
5726,2
5727,1
5728,1
5729,1
5730,1
5731,0
5732,0
5733,0
5734,1
5735,0
5736,0
5737,1
5738,0
5739,1
5740,0
5741,0
5742,1
5743,1
5744,1
5745,0
5746,0
5747,0
5748,0
5749,0
5750,1
5751,0
5752,0
5753,1
5754,0
5755,2
5756,0
5757,1
5758,1
5759,0
5760,0
5761,1
5762,1
5763,1
5764,0
5765,1
5766,1
5767,0
5768,2
5769,1
5770,0
5771,1
5772,2
5773,0
5774,2
5775,0
5776,0
5777,1
5778,0
5779,1
5780,1
5781,1
5782,0
5783,0
5784,0
5785,0
5786,0
5787,0
5788,1
5789,0
5790,0
5791,0
5792,0
5793,1
5794,0
5795,0
5796,0
5797,1
5798,1
5799,0
5800,2
5801,1
5802,1
5803,1
5804,0
5805,1
5806,0
5807,0
5808,1
5809,1
5810,1
5811,0
5812,1
5813,0
5814,0
5815,1
5816,1
5817,0
5818,1
5819,1
5820,1
5821,1
5822,0
5823,0
5824,1
5825,0
5826,0
5827,0
5828,1
5829,1
5830,1
5831,1
5832,2
5833,1
5834,0
5835,1
5836,1
5837,1
5838,0
5839,1
5840,1
5841,0
5842,0
5843,0
5844,0
5845,1
5846,2
5847,2
5848,0
5849,1
5850,1
5851,1
5852,0
5853,0
5854,1
5855,1
5856,0
5857,1
5858,0
5859,1
5860,1
5861,1
5862,1
5863,0
5864,2
5865,1
5866,0
5867,1
5868,1
5869,1
5870,1
5871,2
5872,1
5873,0
5874,2
5875,0
5876,0
5877,1
5878,0
5879,0
5880,0
5881,0
5882,1
5883,0
5884,1
5885,1
5886,1
5887,1
5888,0
5889,2
5890,0
5891,1
5892,1
5893,1
5894,0
5895,0
5896,0
5897,1
5898,0
5899,1
5900,1
5901,0
5902,0
5903,2
5904,0
5905,0
5906,2
5907,0
5908,0
5909,1
5910,2
5911,1
5912,1
5913,1
5914,0
5915,1
5916,1
5917,0
5918,2
5919,1
5920,1
5921,1
5922,0
5923,0
5924,1
5925,0
5926,1
5927,0
5928,0
5929,0
5930,0
5931,0
5932,1
5933,0
5934,2
5935,0
5936,1
5937,2
5938,1
5939,2
5940,0
5941,0
5942,1
5943,1
5944,1
5945,1
5946,0
5947,1
5948,2
5949,1
5950,0
5951,1
5952,0
5953,1
5954,2
5955,1
5956,2
5957,1
5958,1
5959,1
5960,2
5961,1
5962,0
5963,2
5964,1
5965,1
5966,1
5967,1
5968,1
5969,1
5970,0
5971,1
5972,2
5973,0
5974,1
5975,1
5976,1
5977,1
5978,0
5979,0
5980,0
5981,0
5982,1
5983,0
5984,1
5985,1
5986,1
5987,1
5988,1
5989,1
5990,1
5991,1
5992,1
5993,0
5994,0
5995,1
5996,1
5997,0
5998,0
5999,0
6000,0
6001,1
6002,1
6003,1
6004,1
6005,1
6006,0
6007,0
6008,0
6009,0
6010,0
6011,2
6012,1
6013,0
6014,1
6015,1
6016,1
6017,0
6018,1
6019,0
6020,0
6021,0
6022,1
6023,1
6024,1
6025,0
6026,0
6027,0
6028,1
6029,0
6030,2
6031,0
6032,1
6033,0
6034,1
6035,0
6036,0
6037,0
6038,2
6039,0
